0 0.13671875 0.2875 0.028125 0.0359375
0 0.1890625 0.20390625 0.0171875 0.0234375
1 0.2 0.20234375 0.015625 0.0203125
0 0.146875 0.175 0.01875 0.021875
1 0.365625 0.09140625 0.0109375 0.0140625
1 0.4328125 0.08359375 0.0140625 0.0171875
0 0.44140625 0.084375 0.015625 0.0203125
1 0.471875 0.0765625 0.0125 0.0171875
1 0.5484375 0.059375 0.0109375 0.0171875
0 0.6328125 0.08359375 0.021875 0.0296875
0 0.49453125 0.2234375 0.028125 0.0359375
1 0.73515625 0.14921875 0.0234375 0.03125
1 0.746875 0.14375 0.0203125 0.0296875