0 0.28828125 0.2515625 0.2328125 0.2578125
0 0.48125 0.07734375 0.16875 0.1546875
0 0.63359375 0.1296875 0.1890625 0.1890625
0 0.43125 0.4671875 0.1515625 0.171875
0 0.38984375 0.65859375 0.165625 0.19375
0 0.54609375 0.70625 0.184375 0.18125
0 0.3609375 0.8671875 0.184375 0.196875
0 0.515625 0.90078125 0.1875 0.1984375
0 0.2125 0.6203125 0.2171875 0.265625
0 0.57578125 0.51953125 0.19375 0.1921875
0 0.6125 0.32265625 0.190625 0.1859375
0 0.45 0.2625 0.15 0.175
0 0.81875 0.15 0.2171875 0.2171875
0 0.76953125 0.53515625 0.21875 0.2625
0 0.6921875 0.91484375 0.2 0.1703125