0 0.7125 0.4609375 0.19375 0.303125
0 0.0796875 0.53828125 0.159375 0.3109375
0 0.15859375 0.35234375 0.1234375 0.20625
0 0.37734375 0.3078125 0.075 0.1
1 0.3265625 0.29296875 0.0484375 0.1046875
1 0.2859375 0.290625 0.0640625 0.09375
1 0.58125 0.46171875 0.1015625 0.2140625
1 0.63359375 0.0671875 0.0515625 0.08125
1 0.53984375 0.07109375 0.0578125 0.10625
1 0.30625 0.08125 0.0609375 0.096875
1 0.2 0.06171875 0.1078125 0.0984375
1 0.1265625 0.084375 0.05 0.0703125
1 0.07109375 0.08125 0.059375 0.071875
1 0.0125 0.10859375 0.025 0.0578125
1 0.51484375 0.25234375 0.071875 0.0796875
1 0.6609375 0.22890625 0.0484375 0.084375
1 0.7265625 0.225 0.05 0.1109375
1 0.7921875 0.221875 0.0578125 0.1015625