1 0.47578125 0.20859375 0.021875 0.0265625
1 0.45625 0.2171875 0.0203125 0.025
0 0.315625 0.2671875 0.025 0.03125
1 0.2375 0.29296875 0.0125 0.0171875
1 0.22421875 0.3015625 0.0125 0.0171875
1 0.20546875 0.30625 0.0109375 0.0140625
1 0.11640625 0.3375 0.021875 0.025
0 0.63203125 0.19296875 0.0203125 0.021875
1 0.82890625 0.16640625 0.0234375 0.028125
1 0.75546875 0.16796875 0.0203125 0.0234375
1 0.78671875 0.17421875 0.021875 0.025
1 0.0421875 0.35390625 0.0203125 0.0234375
1 0.05859375 0.35625 0.0171875 0.0203125