0 0.27734375 0.784375 0.01875 0.0296875
0 0.60234375 0.52578125 0.0140625 0.0171875
0 0.61875 0.51484375 0.0109375 0.0125
0 0.4734375 0.59140625 0.0109375 0.0171875
0 0.36484375 0.6078125 0.0125 0.0171875
0 0.19921875 0.79296875 0.0140625 0.025
1 0.1859375 0.85703125 0.021875 0.0296875
1 0.18203125 0.91953125 0.01875 0.0296875
0 0.0828125 0.69921875 0.0109375 0.01875
0 0.1671875 0.55390625 0.0078125 0.0125
0 0.17421875 0.54453125 0.0078125 0.0125
0 0.23359375 0.5171875 0.0046875 0.0078125
0 0.103125 0.55390625 0.00625 0.00625
0 0.49375 0.48203125 0.0078125 0.009375
0 0.559375 0.51328125 0.00625 0.0078125
1 0.5421875 0.51640625 0.00625 0.0109375